200
1000 20500
28900 27500
23700 100
29700 15500
23100 14100
15400 28900
22400 2000
25900 8400
27200 19800
9500 24200
28700 14900
23400 22500
7600 18700
5200 22700
5000 1900
8200 13100
8300 21400
29600 28500
29700 7700
9700 5600
3500 18100
4200 1400
9300 29400
11800 25600
6400 21600
14000 4900
1200 13200
13500 16200
27200 29600
23800 24800
6000 9500
15500 16900
15100 14800
14700 800
27300 8900
2500 4500
28400 27100
15600 8200
2600 14100
19500 16600
22900 23900
11500 7900
5100 28200
15500 10500
24300 23300
12100 5700
14900 700
7700 25500
23900 25200
19100 28200
17600 14100
27400 28300
4900 26900
17600 7300
18800 600
3000 22500
20400 7300
4400 6500
28000 19400
15000 200
2400 21200
21800 27100
25300 10900
17500 8800
21000 6100
8300 26100
3100 21800
15600 10500
2700 28500
18900 25200
13000 8700
22300 23700
6800 29900
0 23500
28600 3600
19700 12200
6300 11500
9500 1800
22800 29900
23600 7700
800 9600
2800 19900
23800 10600
7600 8000
7200 12700
26700 4100
1800 4600
17400 14700
2900 15200
17400 28500
29100 20800
21800 19200
3200 1800
8400 14200
16500 1900
16600 100
25700 4900
28900 13400
21300 15500
11200 14700
23800 2900
8300 7600
18600 9800
23200 23400
11200 10500
17900 10200
20100 3800
11800 28500
12300 600
28800 16700
6500 11100
17600 26000
3000 26400
24700 18700
20300 16400
16900 5400
4000 28100
24500 8300
27100 1500
10300 6200
4400 6600
11100 17600
12400 22600
600 24400
21700 5900
18800 25300
20400 9800
13700 28300
16600 15600
500 1400
16500 15300
22000 27000
27500 21500
29200 16500
24900 9300
29200 9600
22500 12300
17700 21800
8600 20100
26800 3800
17700 14800
29500 1500
12600 7300
13900 14500
14900 13400
26400 17600
11900 7400
7500 9400
15700 28100
16000 11400
15500 12800
13900 800
11500 24700
25000 19900
3700 13800
17700 19300
18400 19900
15800 3100
17000 9000
17700 1500
26000 10500
24300 28200
7300 25100
23600 11800
29600 8100
23800 11300
1100 7300
2100 8500
24700 5100
27700 26800
11900 21300
2200 13200
8000 500
21700 11100
26900 6700
22700 16000
25800 23400
5500 19100
11900 4900
13700 29500
4000 9900
1000 24000
17100 23800
18800 700
15600 11000
1800 13000
27300 8200
18900 27200
16700 27300
24300 16100
25900 12200
18500 26800
26300 22900
9500 23000
18800 4200
11200 17700
23500 27700
13100 8100
5600 12900
18500 12200
