900
100 1200
28300 12700
20000 4000
6100 17300
27800 10200
29400 2100
8200 1800
6100 19600
12000 15700
22400 13500
0 4000
28900 12300
9000 24500
16000 20600
8900 8000
14400 13800
10500 21900
6300 25600
18600 4800
17600 16300
6300 20800
25600 15100
14300 17700
500 3300
24700 24200
2800 11100
23700 25900
21700 7800
29700 12400
17300 12800
28200 29500
16800 10900
19600 19000
29700 1300
3800 21500
5500 28300
10000 2200
26600 17000
23800 7700
24700 28900
22300 28700
21200 13400
2900 2000
3200 1600
14900 15400
6700 23300
26500 22100
5900 7100
19100 24800
16000 12300
9200 600
27400 18400
17700 28000
7300 10200
13700 3000
18100 23500
20100 1500
6400 20400
10100 4300
11300 6500
22900 12600
1400 3000
23600 6100
13800 100
500 15700
13700 29300
20300 14900
12200 17800
22700 28300
10800 26800
16200 4400
25200 29400
28800 28700
25900 26400
18100 13900
26800 16800
15400 21600
16500 11800
500 16900
13900 24700
7800 12900
14800 3200
18500 28400
5300 3700
15700 600
22500 8000
10200 29800
9700 17200
9200 11300
23400 15800
1300 20500
24100 25900
17800 6500
19700 13400
10200 13900
11600 29000
700 13700
24800 2300
1300 24300
20100 900
12800 500
20100 16100
8100 22500
13500 20800
12200 10400
29700 25900
18500 6100
12000 3700
8100 22800
600 2900
2800 19200
29600 4000
16700 27600
28200 29100
7400 21700
8800 23400
28700 17300
7500 20300
18300 22900
13400 2200
19400 7600
16300 10700
14100 19100
4100 22200
21700 16500
2700 14800
11500 8400
20300 20600
6600 29500
12200 9500
19700 21500
16400 8000
28600 26500
5600 6700
10800 15700
8600 25400
8600 9700
17300 18500
28900 3800
8100 12600
14500 14000
29700 11000
27100 29000
24900 25300
5300 18400
16300 5600
6300 900
18500 1500
5800 23300
5600 25700
12400 6300
15500 14400
6500 13600
9000 22600
26100 8700
200 10100
28200 17800
20400 28800
800 9500
7800 300
25900 27700
14200 29800
14200 15800
1300 12300
18700 25300
14300 9600
9500 15300
22500 24400
18800 10400
23200 17700
5600 27000
14600 4700
20200 16600
11100 27800
21700 8000
15500 11700
3300 14900
7000 24400
7100 24000
11700 28400
22700 11800
2400 22500
11700 18800
8500 17300
14100 4100
12400 25500
18400 19100
26800 20000
13700 21200
4700 23500
21600 16600
6200 20000
7000 9300
4000 12200
1400 19700
13800 10200
1600 10700
15200 23900
1300 23200
600 26900
14700 21200
5700 28300
6300 23000
6800 28900
6500 16500
14800 27900
12300 3600
20500 11000
7900 14400
24400 20900
29500 24200
16200 20900
9800 6400
600 21900
20500 27600
20000 1100
26300 7600
18500 12600
13900 13000
22700 5600
4100 11600
5700 24300
24800 27600
5100 100
29100 15400
1800 25300
12100 27900
19500 5700
17200 18900
29500 29600
7900 8500
13500 14800
10400 4100
24500 7100
23000 14000
17100 600
1800 8100
26300 21500
12900 26400
24400 11600
26600 20700
19300 2900
4200 18300
11200 8600
17000 5900
28700 29100
24000 10400
22300 16200
8300 21600
8400 5100
27700 20800
600 17500
29000 1200
26500 8200
6700 1800
10100 8200
13700 800
7800 26200
2500 20700
9400 13300
29300 9300
900 25600
500 9000
16000 17000
1100 700
2000 10500
3600 27000
17400 6300
2900 23800
27200 22500
6600 15400
2800 6900
18700 25500
24800 300
2900 21900
23900 21600
13600 10400
23000 18600
7600 27000
4300 26000
7600 22800
28600 12600
1900 19700
2900 19500
25000 17400
6400 16300
17900 20600
23100 12700
13300 11100
21600 5200
26000 14700
13600 25600
13200 25000
26200 28900
26200 19400
5000 22800
1900 12700
21300 2200
7000 29000
18600 19300
12900 26800
14900 3700
23600 28000
7200 25400
14200 14100
15000 11100
8800 9500
17400 18500
800 26500
13200 7000
8700 28800
18300 24200
1500 19400
27100 29600
9700 11300
23800 9000
23000 18100
15000 10600
14500 29300
19300 3300
9400 9500
23400 9300
23000 9800
19200 17600
22400 24800
18900 10900
9000 10200
11700 5100
24500 13900
27300 3600
13500 5000
25100 17500
14200 22400
19200 22700
13600 8900
18500 1200
12600 8000
17900 9700
3400 17800
10200 27100
3700 26800
2500 17700
14500 3600
14000 23700
10400 8900
7000 2700
27400 28100
27500 1000
23300 10500
1000 4700
19600 24800
10500 8200
3700 5200
16000 1700
26000 22800
13000 3100
12700 9000
9900 18800
7300 9300
27600 10500
21900 18900
15600 4900
17200 16000
600 7200
10900 3900
12400 20900
29500 21700
20800 5200
11000 14500
20000 13900
1000 900
16700 28300
15200 14500
26700 6400
13800 26300
29000 13000
29600 16100
19900 7900
22800 11000
1700 1400
4500 22600
21800 19000
2400 11200
29400 23100
21600 10600
25800 26200
1300 29600
2500 14000
17200 14200
14700 6200
6900 29600
6500 24800
21600 17600
2500 14300
12600 7400
6300 600
16200 12500
17600 12500
25300 1500
17500 14500
27600 18700
28600 0
1500 20300
23600 3200
200 14400
4900 2300
29200 200
11800 7500
16100 14100
2300 8900
29000 26200
26300 17200
3900 26800
9200 15000
7300 7000
28800 200
18500 22900
23600 14600
24200 24800
12300 2100
19100 27200
21800 15000
3300 5500
12000 26700
10800 28100
27700 19700
6100 22900
11300 24500
6400 13800
10400 10700
3200 11300
20400 27500
29200 26000
5500 19600
28500 2900
23800 1000
25000 14100
25800 20200
27500 11700
15900 10100
2800 1100
1100 6200
2900 11800
5400 1500
29500 14300
29700 27800
18600 800
23600 7100
10500 27500
500 5800
21600 2400
28500 15600
29700 27200
17800 19000
23500 6200
5600 27200
1500 6800
5700 14900
24800 18300
3000 21600
1000 19600
20300 16400
11900 14700
26700 1400
29500 2600
26800 4700
28700 27500
26100 25800
27300 24800
3600 7100
11500 14000
29400 28100
5300 21100
18700 18600
16900 3800
7900 8000
9000 3300
19000 8100
20000 10200
3300 2500
8700 10200
18100 13300
11100 5200
22600 29600
19700 600
26800 18100
4900 13300
12600 11000
25200 14100
2900 20400
9200 18900
17900 20500
29400 24900
29000 4900
17100 20900
23100 13000
19700 22300
10800 29800
28600 25800
27900 15800
1900 20900
10800 25500
8700 3500
22300 27300
17400 24100
7800 28900
28900 7900
4200 14900
2700 10800
2600 10000
4200 3600
8800 1600
25600 9200
8900 20600
4200 20900
28800 16000
23600 17000
14700 21100
3100 8800
14100 7400
23900 2000
800 12300
5600 24000
2700 29100
21700 12400
13200 12900
14400 12300
25300 24400
9300 29800
22400 15500
2200 4800
25400 9500
24000 18100
22000 19900
3600 15000
7300 9100
5700 14500
17300 7900
7700 29900
7000 12000
17100 2200
300 12500
22900 24200
29300 18400
8800 6800
24100 700
26200 20100
3200 4600
27000 6900
10500 18000
2600 10300
12300 10600
4600 11700
5500 22500
11300 26600
16800 27100
13000 21200
25400 7200
7300 25000
12800 29500
14000 3100
4400 21600
3000 25500
25400 11400
18300 9400
12400 900
29000 5000
2100 11000
2200 29200
15600 26000
25900 12400
1200 6000
28200 15800
27400 14900
18500 100
15900 7300
21800 4200
8500 18300
27400 21800
13300 15700
8600 23300
27900 10000
21400 20300
15300 8300
18600 8900
2900 21800
28300 6900
25900 23100
5800 18800
4000 14200
11900 10000
27800 11000
200 5000
4000 1900
18700 27800
13600 15700
6000 25000
8000 5100
6000 15300
18700 5400
27000 18800
17400 20900
6900 12900
2800 10100
15900 10800
21400 26100
17700 6700
23500 16300
17100 7000
19200 27100
10700 27500
14000 8600
29700 28400
14400 24300
23000 25000
20200 600
28200 13900
5100 27400
5300 20000
28700 4900
2900 17300
6900 5900
18200 5100
22800 21500
3800 27500
1400 25000
26400 22100
4000 5400
11600 21500
17100 21200
17800 23700
18200 29100
2100 8300
800 2000
5500 11800
19300 23100
10700 3700
9300 21600
19400 9000
10900 27500
17400 2400
7900 24900
29700 14000
15600 26300
24700 6900
15700 17000
5100 1000
15200 28600
18000 14600
19300 22900
800 16300
21700 12700
7000 27600
4600 11900
12100 18500
10500 11300
27700 6200
9700 18000
25400 21200
23700 18000
10300 14300
29000 7600
17400 24500
17500 23800
27100 15200
26600 29500
8200 23900
27600 15400
21300 8700
3200 10900
25600 21300
17300 16100
19100 6900
6700 16900
21500 29500
5800 14700
3300 1800
4700 17100
28900 14400
25400 13100
26300 21800
8100 17100
26200 4500
600 17800
18900 9600
9500 17200
18600 7100
14300 12500
13700 5100
5600 26300
8900 9300
21600 1100
3400 2100
26100 7700
10700 18700
700 21300
25800 14800
27200 10600
7900 7100
9800 2200
28600 7600
23300 14100
12100 28300
1100 4300
200 8600
29800 26100
15400 26000
11000 10800
11900 11000
100 16500
8400 16800
28300 12400
22300 20100
20200 11200
10000 12100
11900 15300
22600 13500
27500 29300
1400 8300
26500 12100
2800 5000
10900 13100
16100 11700
13000 17400
5400 24500
25700 29300
13700 29200
4400 25800
21100 22500
24200 9600
7000 15000
3200 1800
22400 17900
21200 6800
20900 12400
20900 29500
9400 700
27200 5400
27900 9200
1400 24000
1800 11800
10400 12000
21000 6200
8400 16900
3600 6800
22500 24600
4100 21100
22600 27500
22700 15000
8400 24600
24100 14100
5900 6400
18800 29700
23100 14000
14800 7100
7200 15500
8000 22900
19900 26700
3900 10700
16800 15800
23200 18300
27800 4600
23700 300
17400 26600
28400 11800
16800 19200
9900 23400
1400 27400
25000 24100
27900 1900
11500 20500
26900 6700
27000 28200
27600 28000
300 25100
14800 19200
18500 23600
24500 13300
12900 17400
6200 16300
5600 15800
28300 24000
5200 5100
23600 23700
29500 28700
9700 21600
12500 29300
20600 27800
4700 17700
28000 18100
24500 15600
12300 10200
17400 11800
700 20800
24400 12500
5900 29900
5900 15500
3900 13400
22400 15800
21400 17600
27200 7700
25000 21800
9400 25300
23400 17700
29600 19500
11100 23900
6700 12100
11100 17200
17700 21100
19100 4900
11100 22400
6200 3000
10400 19600
27800 5200
26900 17000
23700 25000
4600 21900
29200 23300
10300 22600
3700 25200
15200 15100
26800 2600
5000 20300
12200 10700
21600 25700
12100 6900
27700 26300
8300 24200
26800 25700
6800 11200
11400 25900
13500 3000
5100 10600
2700 19900
5400 12800
20000 19400
2600 700
400 22800
16700 12600
5400 25600
15400 22100
25700 25900
28900 9700
14700 2000
400 3100
12000 5100
23500 25800
11500 11400
16200 25900
29500 22600
1500 22900
9900 23900
21000 16100
5600 21000
15200 9800
4200 17600
14600 29400
24800 26700
25600 13300
12600 4000
8300 21300
3700 16200
17200 25500
19100 11500
23700 2000
12600 29400
12500 19500
8800 20900
12400 4600
29000 29600
13700 11200
18100 12300
28600 14100
11700 12900
2200 26800
12400 13300
10100 21300
8300 10000
20700 26700
10200 22900
25800 21300
16200 19300
25800 10900
4500 11600
20500 17900
17200 25300
19200 1600
5600 17100
900 9500
19200 15200
2100 28700
3100 600
21000 12700
26700 22600
20600 17600
4000 16900
5300 20200
26100 28300
13500 26100
7800 19900
