1000
14900 27000
7000 23800
17100 22800
9900 22100
9500 6700
15000 7600
26500 4500
25700 21200
10500 5900
2100 29400
9800 28100
600 1900
27400 4300
8300 7000
1400 27600
17800 6100
15400 14000
28400 26100
20100 6500
26900 7200
28300 7500
16700 7400
1600 15000
2500 20400
22300 11800
19300 25600
2700 27300
1500 6900
20600 8100
6900 3600
2700 17200
4700 8100
15400 19200
22600 9900
300 8500
23400 17100
1100 8300
1400 18400
29700 17000
29700 25300
17700 10100
15900 8800
2400 200
10100 13800
19900 10700
200 2400
3300 20600
21900 7200
14700 4300
13300 600
13100 10400
23000 25400
5900 13800
14600 11500
20000 29900
6100 27900
14700 4800
11600 10100
11900 5100
17200 23300
12200 11200
25800 13800
7400 16100
12400 20600
19600 25200
10500 3500
2300 6500
22100 4500
200 2800
16800 14200
24900 26600
9000 22100
3800 1200
1900 20800
1800 3000
22500 20500
9800 15700
27100 19100
12300 2300
22000 29500
7800 14800
26900 24500
18500 13400
23200 900
20400 22600
15200 6200
3900 10200
23800 6900
27000 13600
1700 7700
16300 8900
17800 16400
26700 28000
4200 26300
17600 9400
15400 14600
11100 3700
8600 7000
17500 7700
9000 12400
15800 1500
24900 19000
800 21000
3500 26200
100 11600
11400 10300
19500 12500
23700 25300
29000 22000
27400 19300
16100 12300
3000 22100
11800 9300
24000 18200
4600 12700
15900 11900
29900 9900
10400 2300
3000 20900
2400 8000
8500 900
27400 23500
26200 24600
25700 13200
5800 10100
9700 27300
13800 17300
21300 17100
6800 11500
3000 15400
16600 16800
28300 27900
13100 5800
4100 9200
6300 18000
13200 1900
28200 20900
16400 5600
20400 5600
17400 5300
26800 21500
800 16900
2700 29400
7700 28800
27200 2400
17300 16100
7500 700
18600 21400
23100 2500
22300 24200
24900 23500
23400 9100
4300 15800
26400 20200
8100 5400
26000 11200
7900 20300
1100 15400
10800 4000
7600 23600
13500 18600
6900 25600
20500 19300
5600 2500
10200 5100
17100 18900
2900 22500
2300 6400
9200 0
21600 20300
4500 27300
18400 19600
10000 22000
11300 26200
29200 5600
26100 3900
18000 20700
8500 5500
23100 8200
6600 12900
21300 400
5600 6000
21100 800
11200 13800
29800 26100
21400 26800
23900 24900
14000 7900
25400 26200
9100 20500
100 8200
9600 10200
16300 26300
3400 21700
21100 27000
5000 12000
18300 6400
16300 11500
14300 11800
25400 9300
24400 14700
2300 16400
4500 25800
24200 12800
2500 18600
8000 16200
13300 24100
14100 9100
17700 25600
9100 2600
21500 8500
3000 26000
20100 28800
26400 23900
100 400
2400 23000
20200 600
20200 16000
6100 11900
13700 13900
8200 2300
5800 18600
23300 25900
3200 10300
8100 24800
10200 16700
23300 7000
20900 23100
25800 15900
6700 28000
1700 24200
9700 28300
25300 19200
12800 8700
28100 12600
26500 2800
8000 23700
200 16900
29400 13000
22200 27400
7600 12200
15200 25600
15900 9000
29100 3900
28200 18100
2300 14900
19000 27500
20700 28900
14500 13100
2900 15100
24300 12500
17400 23600
19500 4500
12700 23700
1800 5100
14500 4800
10900 27900
6800 5600
13400 3700
28400 21500
11000 10700
2500 6700
3400 12500
14200 20800
11600 600
18000 1200
28400 24500
9300 14100
12800 21300
15500 20500
21000 18500
11100 27700
900 19700
400 12000
14600 3500
7300 17000
1300 28800
28800 6900
14400 9800
15200 4800
5200 14500
5800 2300
17600 21700
2800 10400
11100 26300
6300 300
3000 14600
25500 7400
17000 19000
1300 24300
12400 11600
22800 1000
14400 12000
8500 2300
15100 25800
3400 17000
19700 15300
13100 17900
9900 12300
18100 6900
10700 13100
27400 11100
6600 16400
2100 10500
21900 7400
21400 9700
18200 4300
28700 3000
24600 27600
7200 24300
12000 3500
5700 12000
1400 2500
5800 18500
10100 17300
25500 16400
2400 300
20100 27400
28100 21600
21300 14700
8900 12700
28900 24800
22400 24100
1300 14100
3100 11000
19700 15000
21500 5200
5200 19500
17900 11300
2800 26900
15400 28800
26100 18500
23000 12100
11200 28000
18100 14600
1600 5700
3400 12300
11100 2200
23600 28600
8200 22100
8400 6000
27500 6300
20100 21200
25100 10800
15700 11300
26100 22600
4200 5600
26600 24100
17400 6400
2700 24400
9700 3700
23600 21300
22200 28900
2300 7100
23700 9400
10600 28900
26000 28200
2800 11200
6200 14500
12300 7000
29600 24900
4000 25600
21100 25400
800 100
14100 7400
14000 9900
7100 29700
24800 9300
9900 10400
18600 8000
16200 900
18000 25000
9600 29700
900 29500
22100 11600
14200 29900
28600 20100
3400 6200
29300 8100
1400 26200
15400 16000
17500 2600
24800 1500
17200 2000
12800 27600
2500 20900
7200 6900
700 22600
25900 4700
5500 29500
17300 27500
8900 16100
24300 11800
27000 14400
17700 5100
18700 3700
13200 19500
21900 23900
21500 6900
29500 20100
11300 7600
3600 16500
29400 24400
12500 23300
9200 24500
17200 20200
10000 22400
16800 2600
22200 20100
25400 1100
19000 21000
1600 14200
5300 1700
24200 19800
14000 1700
21200 16000
7500 1900
14900 26400
5900 22000
700 3200
27000 25600
5500 24900
12000 1700
18000 18000
17200 19000
17600 10200
17600 18400
18300 300
23400 11400
22100 23400
29500 19300
26300 9800
27400 27800
23800 8600
5500 11600
16400 11300
5400 24800
11100 29600
18400 2000
18800 21400
16900 3200
14500 7100
1500 10700
19600 13400
24200 24100
7200 12400
19300 25500
21300 18200
23400 26900
3200 20600
27800 26400
25300 10200
29600 3600
1400 3900
18400 28300
8500 11700
26400 17200
3700 800
5500 26800
24600 5400
2600 11900
9100 6900
25600 24100
11300 10000
19800 17900
17500 13700
2000 17200
6500 12300
19500 6000
7800 22200
24200 18700
11000 29700
9200 11400
26400 400
10100 20400
13800 13500
8200 26200
1000 17000
20000 20800
1800 20800
12600 26800
0 5400
20000 24900
9600 17200
16500 11400
3900 12600
21400 400
11000 16900
29900 3000
2100 16600
22900 7400
17700 23000
13400 12500
8900 27900
13600 29000
17200 17600
13000 17200
300 12500
5100 9100
12500 8600
26100 22800
11700 15300
26700 8100
27500 22100
26400 17800
23200 400
11900 24300
5600 25200
4500 11600
25000 7400
3700 27500
22600 18000
27300 9500
5900 2100
17100 4000
21400 9600
5900 28900
23500 1900
23000 14500
11900 1100
24700 24000
7100 24400
1000 15500
9200 8600
17900 15900
21600 200
4800 24200
20900 9700
1500 20800
24500 20000
15500 25300
13500 14900
26200 26500
29600 21400
11700 24200
28100 4600
1600 26600
10100 7800
8400 17200
12700 13800
29900 9600
18800 4200
23200 27500
13500 22100
25200 14900
10100 25100
26900 27500
13200 29900
11700 17300
7500 16300
27000 7600
100 28400
22600 15400
3100 1900
24700 23400
700 26200
19400 8400
9200 24100
19600 3900
4400 12900
100 1300
21400 15900
3200 1600
6500 14200
23600 17700
12900 4100
10300 25500
10500 15600
5800 21900
22500 5000
24100 29100
11000 13300
27900 6600
5200 3200
27700 12900
15700 2500
21200 27600
26900 6700
18600 16500
13800 21300
4400 4600
3700 7700
15400 27800
20200 9800
20300 15300
23400 17200
12300 3300
17500 15500
5900 4600
2200 11800
16800 3500
9600 12100
9600 4700
25000 12800
15000 5300
27600 21400
5700 19100
12800 21900
25200 19900
12100 24900
26300 13300
26500 16100
7000 18000
14000 7600
17100 21500
16300 28200
23000 24900
18400 21700
13100 13400
8500 21600
4100 22400
17800 4600
25400 4800
7700 700
17700 12600
21100 20800
22300 27500
6700 26400
1300 17400
13800 15300
22700 27000
9700 17000
1700 23800
4000 9100
15900 3000
9900 27100
18600 8600
17100 1500
2600 4100
8200 10700
27500 20400
29600 21800
28100 4300
9900 1100
4400 18100
7400 5000
27200 3900
20200 9400
14200 15800
23700 900
24000 23400
100 17500
15600 26800
15800 19300
22500 13200
20400 4500
22500 11200
12000 19000
5900 8800
22000 18500
2100 17800
10200 7100
1000 2800
2600 20300
29900 8200
9300 20800
6700 23800
24300 4400
26600 18600
6800 13300
4600 16300
10700 15300
2500 26900
8300 16100
8400 15600
6800 9400
12900 13400
18600 25900
8500 21900
13300 3500
18300 27300
2200 2000
4400 5000
28500 9400
12000 18800
25600 26600
7500 10800
13500 13500
25900 5900
18200 12200
25800 500
16200 7400
21500 3200
24700 13400
9600 1700
19200 12000
700 700
6000 16800
10000 25700
27600 28100
23900 18700
21900 0
27900 14900
22900 7900
15000 28200
2500 16100
400 17900
5000 9300
29100 27600
9700 8900
7700 27000
15400 8800
12200 20400
25200 20000
22500 6400
1800 20100
14200 17400
29300 5300
7700 2200
14800 17300
7800 5100
3600 24400
7300 29200
26800 21100
1000 23100
26000 21600
20700 27400
19000 6500
6500 15700
17000 7700
1100 22700
1300 9100
22100 27300
16900 9900
300 22900
21600 23700
14000 4800
19400 7700
14200 9800
6000 26400
13100 28400
2300 9000
8900 16000
27800 3300
11500 4900
3000 2300
4800 3400
18800 10100
17300 8000
18000 19000
21100 25600
21700 22700
18300 25200
18800 4000
14800 23000
28300 13600
27900 14300
24700 26300
3600 1300
29700 3800
22800 18400
28700 3300
2700 14000
2300 15600
5800 26400
23000 21900
21100 9600
17900 13900
16800 9600
17700 7800
17700 7200
13500 2800
7300 25200
8000 3200
2500 27300
12000 600
27300 13500
16600 11500
9500 19100
17800 0
8200 7600
16600 26100
25300 28900
9400 19300
21400 24200
19400 1400
29400 5200
8600 25400
20100 10400
29300 18500
23800 16000
500 4300
29700 14100
1800 7900
8200 18100
14900 11300
21100 28100
21300 11700
4200 13100
18300 16900
16500 13300
12700 18100
11900 10100
5500 12700
8400 10200
26700 26500
13200 24200
20200 10800
14400 22600
4400 11800
17400 14300
26100 18400
8900 10100
5100 7000
24200 17300
5200 6700
9400 4900
3600 6700
8800 20900
13800 28400
5700 13800
10500 25700
7900 2200
9700 7200
26300 21100
14400 6600
28500 14000
28500 28700
19500 9400
3100 10100
7300 19200
7500 16700
13600 11500
28400 23500
13200 23000
11500 15100
10900 10500
14400 16000
12300 7700
7200 19700
5000 20200
26500 5100
26500 23000
6000 26300
26500 15100
16600 17400
14700 8800
13600 10600
22800 29700
12100 8500
23100 23300
4300 23400
3600 21900
3500 4700
25400 23400
24000 27700
25300 13300
12700 23500
2000 3700
14400 2100
19600 16400
7500 15300
1600 21000
100 18200
15100 2600
2600 17700
9200 700
1900 6100
3700 13700
22900 18400
28000 21500
18900 28800
26900 4200
12300 27200
3200 18300
29900 4600
11600 17200
5100 24300
6300 27200
20700 19900
2200 21000
11400 28400
9600 29100
200 12600
14800 7100
15600 1100
14100 1700
29200 27700
28100 500
4100 12700
11500 10800
10300 8100
17300 23300
18600 21700
25100 14200
3700 24400
29800 22800
16200 25500
26400 14600
9900 18500
9500 6900
26700 16400
10500 25000
2000 3200
14100 14900
23700 13100
21500 9900
18100 17100
20300 18800
19100 4300
22000 21800
8300 28000
21100 7000
19800 21300
25900 26000
13400 29400
2300 15000
10600 500
4100 20600
9000 16700
27900 24500
25400 29700
3500 29300
5300 2400
17500 5200
14400 700
300 9100
10500 20400
29900 22900
28800 27500
29700 17200
13700 20600
11300 21800
12400 19400
2000 6600
24500 10700
22600 20200
10300 17900
15600 6400
27200 19700
27000 500
22300 13400
21900 21800
22300 20100
29900 2700
5200 18700
13000 19500
6900 11000
21500 4100
12100 3500
1400 13200
17000 300
13200 13000
5500 9900
16900 21900
1000 19600
21300 18600
700 19400
28000 12600
400 29000
20300 5800
25700 15500
13700 21700
23000 14200
10100 11600
16800 13000
20100 9600
18700 1300
22900 17500
9500 26300
2600 13300
11400 9300
24500 7300
3900 9100
4900 11600
28300 13100
4300 25300
2600 29000
13000 18800
1000 14200
11600 4100
22500 17600
19700 29000
19700 22500
23800 10100
10900 15900
29700 6000
14600 5200
28300 10500
29900 6900
13000 21000
19500 29400
15800 25100
16600 10400
23600 17900
8700 26200
24900 10400
13500 27600
18400 7200
5900 4400
3900 27500
23000 25900
22100 18300
17500 22400
27700 10900
7400 3400
19000 17500
17900 9200
19600 13500
5400 21700
