750
5900 19100
27900 14600
19400 4100
1800 6300
7900 19000
3000 0
27100 16400
12700 29700
17500 2100
18000 8000
22300 26200
5900 11200
3500 4900
19000 6000
6900 8500
8300 17400
22100 6400
15800 5700
11600 21300
17600 16400
8400 29900
16000 20600
20900 17500
19100 15100
20400 6200
14400 9400
18900 24700
300 11400
10700 4000
7800 19000
6900 18300
27400 15600
14900 18200
25200 1700
28800 28000
5100 12800
9300 8200
19500 28100
11500 24200
26100 29100
10900 24100
6500 19800
20500 12100
29800 900
2100 11200
19200 14000
16200 13200
22800 18900
27200 23200
10100 15800
22400 10200
29800 26800
13300 25500
25000 29500
22800 24100
4700 3400
21900 0
10000 900
22100 400
4200 12200
1200 2700
24100 19000
100 20200
6400 8900
15800 25200
27800 9500
12900 21100
28800 20500
15300 5400
25000 12400
1100 8200
20000 19700
17600 4300
3000 13300
6100 26000
6500 1300
12800 25100
3800 21500
17600 25800
15300 6300
17100 12700
8700 20000
4000 17700
10200 16100
15300 27200
28700 8300
20000 25900
2200 2400
21800 2400
12400 23400
16500 9600
8200 22400
29000 24500
16900 23400
11100 2200
22200 7500
19900 21100
12200 14700
27100 20300
6400 19900
14600 25900
15600 29500
3300 17200
24900 5800
24100 7600
9500 12900
3200 19300
8500 23000
1800 9900
14100 10300
20400 18500
26200 17200
15000 19200
18100 8200
5100 23600
18100 29400
13100 0
22500 23400
400 20100
4700 17500
9400 11000
3400 29300
9600 9100
6900 6300
12100 17600
23100 3100
5700 28200
14400 25000
17800 11300
15400 23600
5800 25300
13000 27900
900 21500
12900 10200
22400 10600
5400 4700
12500 4000
27000 19000
25900 28700
25500 16100
29400 21000
15900 27200
16100 2100
6100 12800
3200 9600
23800 25300
15700 13700
19700 27000
19900 14800
9000 25400
18500 11700
1300 14900
20100 19200
25500 20800
25200 18400
3400 26600
20600 1500
11300 14400
16400 24300
27600 29500
4200 1500
25700 17700
28000 2400
10800 16200
28600 9100
25400 18600
8600 6700
3200 17000
24600 20400
28900 22700
8200 23100
26600 4200
5300 6800
27300 26500
8900 14700
4500 8300
12000 29600
9100 2100
1100 21500
23500 25200
25700 18300
29400 14300
26100 9400
29600 16100
27700 5800
9900 13600
17500 13100
21900 8300
28600 11000
27800 20900
19000 600
22800 4700
24600 18500
26300 21100
16300 1000
18000 26000
20100 1000
1700 21500
5300 2900
15200 23900
27000 25500
5000 17300
28200 2900
1000 13500
4500 15100
19700 13500
1000 27100
21700 2000
5400 28700
7400 21700
21800 24700
16900 3700
26100 26200
29700 16400
27000 11700
1200 14400
6400 23900
5500 13200
12300 8800
24200 21800
3200 3200
10600 17900
17700 11400
14900 24600
17500 11000
1200 15000
16900 7600
5300 7600
4200 29700
25200 14500
22800 16900
26900 3600
20700 13100
2700 27600
1400 8400
2700 21300
10400 6500
25700 8600
10700 14000
19600 27200
12300 8200
9300 14200
25600 17700
26400 11300
7100 26100
15100 8600
2300 27700
2200 25000
7300 2400
13700 17700
23400 4200
23800 4000
21100 6900
14500 13800
28800 15600
27600 10700
17800 21100
2800 15700
15600 16100
13900 21900
11700 26300
27800 8700
3100 16200
8700 4700
13100 2500
14300 26300
13700 22900
20900 11100
20900 7000
29100 2900
22800 15500
16300 18700
17300 20100
4300 11900
12700 8000
8900 22700
800 8000
24900 12000
24800 12800
4000 26200
9500 5300
13500 27900
19400 500
8200 22100
17700 1100
25900 4200
22700 400
9600 15100
17100 11200
29600 3300
700 21900
15400 22800
21100 17000
16300 28500
11800 15700
27000 800
25300 25200
10700 21900
18500 28300
16500 20300
8400 9900
27700 500
26100 10300
29100 22800
20100 28300
21200 26100
5400 22100
3100 7500
1400 5000
9300 9100
22500 26700
20400 22500
19200 14100
17000 22300
15600 13600
11700 400
6100 7400
200 8900
12500 24900
28700 8400
26200 10500
5000 21800
25000 21600
16200 24000
15500 11700
14100 14600
28200 12000
25300 13400
26500 17200
10500 15900
26100 17000
4900 24000
9000 6900
4700 6500
17600 10400
22400 100
12000 29200
10100 9500
23300 13500
14300 27900
12900 21000
29100 900
22000 8200
8000 6900
27100 18800
5000 24500
4700 17400
29900 6400
18100 21100
11800 27600
4700 2200
900 18800
24400 24600
13300 15200
11600 1900
24400 25300
5500 8000
900 12000
11900 6300
29100 16700
6600 24500
20900 29700
21100 19500
18000 8800
15800 23800
8400 10900
18300 15400
900 24700
29500 19600
10400 15200
29300 18900
19300 11700
18000 25500
16800 10400
5400 23400
14900 22900
12200 24400
6200 5000
18400 15900
400 6800
2500 19200
11300 9200
6600 12600
24800 28700
14500 4000
20400 20300
6200 10000
2400 8200
12500 23300
26000 6400
21800 12800
21200 11300
17500 26700
29000 9200
3000 22700
9800 25600
4500 13600
22600 11800
24700 20300
11600 21600
24500 21600
27400 16900
12600 17300
11000 7200
13800 12900
24500 24500
22400 12400
25600 22400
13500 9600
900 28200
600 28400
16700 1800
13300 20200
22600 25700
29800 13400
20000 21800
26700 19100
10600 4400
16900 25500
9400 600
20400 7700
17700 22800
13000 6600
7400 4600
19800 900
1000 23400
19300 29600
8700 23400
14300 8100
15500 10700
29300 12900
15100 27200
25100 28100
17700 17700
26900 21800
3100 4100
18300 3100
8100 27800
19800 200
24500 4900
18300 18000
20700 10800
1900 2800
28500 29300
13700 5000
7500 11800
18600 18900
16300 10900
8300 20500
23900 7900
1800 7100
23100 10400
2000 6100
8600 18700
15500 8200
20500 6500
27500 22400
9500 8300
18700 3100
29700 21700
900 22500
12100 25300
20800 13300
11900 18900
26700 3000
26800 3500
10600 3000
29100 19500
500 9100
23500 3400
2900 18500
17800 23400
15600 4900
18300 17700
25300 28700
3400 24800
9200 19900
11800 5300
25600 18300
17000 24100
5400 28500
16900 8400
2000 23500
28300 600
6400 19700
6000 22800
15700 17400
22700 2000
1500 2800
27700 19500
15000 26600
21700 18900
18700 18000
8800 1800
16100 9700
24300 13500
2600 27200
3600 17900
7000 5400
11000 20200
7900 15200
26100 4900
5100 1500
16900 12800
9300 8800
6800 23200
23800 14100
14200 26000
6800 16600
900 19500
24500 18100
700 22500
10200 21500
8000 15600
14000 20700
22200 4100
25200 2000
600 24400
2200 20200
10400 9700
2000 18600
5600 3300
11600 18500
1300 12500
27700 10300
18100 9700
8800 29300
18600 17800
6200 19200
19800 11000
19100 18500
23700 27700
29300 10000
5600 11400
17900 26000
6000 15500
24100 11300
8600 20600
20500 16400
21800 24400
19600 17900
22600 6000
23500 29800
14700 7800
27000 13800
23600 7800
26200 15000
0 500
24400 26800
13800 300
27300 25400
17600 18600
13300 21700
10800 8200
14000 3500
4400 4600
14300 10500
3000 13600
11000 21600
11900 100
15800 9000
22100 8400
12600 10400
16600 22500
13900 11200
14100 5000
20900 29800
18500 1800
14600 7500
22100 16200
29000 7000
17200 26100
4100 8500
18800 2400
1600 13900
14700 2700
3400 3000
7700 6300
6700 26100
28500 26100
19200 22500
19600 15600
7000 900
12300 27100
11800 22600
26600 7000
8600 10000
13400 9900
13700 25600
5200 8400
4900 8700
12500 22900
28200 2200
5200 14400
28000 7900
16700 18600
17400 7900
18700 10000
100 8600
15400 22200
8700 28700
16100 11300
7700 7900
20100 17100
18500 23300
19500 5000
25000 800
25700 22100
22200 12900
24300 700
1800 4700
8500 25000
10800 21300
15800 300
15300 14300
2200 8600
12700 10900
5700 20800
19400 1400
10700 25700
3600 8000
5200 5600
15900 19800
6100 26900
1000 8300
18100 20300
15200 18100
12300 4700
18000 1500
11700 18500
23900 16700
5400 600
4500 9700
19800 19100
3400 6000
7800 27000
12200 16200
3900 13100
1500 15700
18700 24400
600 23700
19100 14500
21400 22100
4800 14400
8500 14100
2500 3400
20700 26600
16300 2000
14400 1700
22400 15300
21700 10700
5100 12000
14200 3900
2100 15000
21500 14800
18800 2200
22300 7400
8300 17700
23800 5500
9000 21300
15500 20100
27300 10900
10400 22300
3300 18000
1000 3600
13600 2700
29400 900
11400 22100
7800 24900
11200 5000
5000 21700
0 10700
19900 3000
19500 18600
9700 1500
13100 28600
22900 17600
10600 21500
8600 15500
400 29600
8200 27900
8100 6900
9700 14300
11800 14300
21700 21100
1400 29900
16900 25000
1400 18400
25100 29800
29900 10900
600 6900
16400 300
19700 28800
23400 9500
15000 10300
0 28900
2700 22800
17200 15800
19100 15400
17300 1200
21900 18200
13100 14400
26300 24000
4400 19100
15900 27700
9700 19400
22600 18800
6100 23300
22600 2400
13500 1000
6000 16100
5200 1200
15500 29100
20700 5100
18400 4000
20900 21100
13200 18400
18900 15400
16500 5100
29200 8600
15600 16400
27100 27600
22000 20200
5300 3400
17200 14900
15300 7600
5500 15000
12100 8000
4100 5500
13200 13100
13100 8200
26300 1600
9200 12900
18200 18400
200 14000
27900 1200
22400 8200
28000 28800
21800 2500
7700 10400
28300 2200
12200 4500
10000 17400
9100 13300
14100 16400
17500 18000
23200 23100
15400 24400
8300 6700
18900 20400
