50
0 26300
2600 700
27800 27800
20600 5300
1000 3800
9900 17900
10100 16400
5500 7700
16800 6000
19000 11200
4400 11500
5500 24000
11800 2600
29500 15700
8900 10200
10500 2400
29900 17300
400 14800
9300 21400
9400 13900
19800 1000
15400 20100
300 19700
1000 11300
28800 7700
12700 28200
8700 8900
8900 22400
9100 15000
11400 10300
17600 19500
4000 14700
29000 13000
20400 27900
26000 11200
3100 2300
400 13000
27100 900
2000 16700
10100 17100
9900 12900
300 1100
6300 5600
14500 24900
13100 2200
9400 15300
9800 12200
28500 1800
25500 17600
26500 18300
