2000
3300 1800
9900 9500
14900 26200
4500 9800
1000 15800
17300 24200
5000 21000
27800 4900
22100 6500
28700 7200
5300 5200
8900 15900
24600 13400
29300 2900
28700 1800
4200 7400
15100 14500
20200 7400
2300 23600
2900 15000
26100 19000
300 4100
17700 14200
20000 8500
18400 10100
20600 21000
2600 5500
15800 4900
23800 9200
12300 23000
22600 17400
14000 16300
28100 27800
8600 17100
400 900
22300 11500
9600 29600
16200 9200
22100 10400
20300 13200
4900 18400
4800 27500
14500 5200
18100 9800
27700 23200
23700 12700
4800 14200
19800 25900
21400 8900
23100 18500
1800 21900
25300 14500
15500 2200
25100 29700
1800 14700
20400 24700
16000 2700
4000 26000
12200 23900
4400 27700
5100 9600
1000 13700
3300 28900
24800 23100
27500 28500
14800 600
9100 20000
29300 24200
16700 4200
12200 3000
14000 12600
25600 22800
27500 24600
22700 18100
26400 27300
14500 3500
600 9700
12300 29300
22800 21100
20600 25400
17800 10300
1700 16500
1600 21800
13000 27300
20000 6800
4200 900
27100 24000
1300 13500
24800 1600
9200 17400
1300 11600
7800 27900
4800 9800
8800 18900
9900 9600
16000 2900
13700 26700
300 3700
26400 17600
20700 25500
21200 10900
7200 22700
1800 21800
21700 17900
6200 14600
17200 19500
8300 12600
18600 500
400 13200
6800 2600
12000 2400
1400 27100
14300 12400
23000 10300
21700 15100
15400 1800
19700 10900
25200 26000
17800 14100
23400 16800
1400 13600
25800 16800
20300 10100
27600 11000
3400 25500
25100 26000
18800 3500
27200 27600
29700 9500
1300 16800
20100 3700
29400 3800
200 25600
18400 26800
22700 26200
11000 8600
19000 24900
21500 20900
10400 26300
3000 24100
15100 29000
15900 14200
19500 9000
3800 13700
4600 8400
15200 8600
900 23900
13800 19800
5500 8500
26700 17000
28000 300
10700 700
14400 10200
29800 27700
20400 28400
9500 3000
27800 15000
6500 27400
13200 2800
20000 3300
13800 17400
11300 13400
9300 3800
16400 15800
7600 17300
18700 24000
6700 11000
6700 18400
6800 19100
16000 18200
20100 16200
23400 26600
3500 1500
17100 14300
4000 9700
13800 14500
4100 7000
28100 12400
1600 14100
27900 17000
17800 9100
11200 15700
3000 27800
23300 1900
25600 28700
10800 17000
6800 11000
22500 24100
300 7200
4900 23600
26700 11300
16400 1600
15200 28400
21400 12000
18800 22800
10300 29500
16000 25700
23100 16000
29400 18300
4000 25100
13400 3100
29500 23100
13300 15700
28300 14900
6000 21000
22600 27900
3300 24400
22600 1100
29000 700
4400 17400
6700 1500
20300 15700
24300 12000
700 9100
3800 14200
17800 24900
20900 18700
16500 21500
22300 12600
1200 900
21200 29700
12700 9400
1000 12700
10400 14800
2300 18800
8600 5700
27800 21400
20100 25500
24200 8300
8100 27600
1600 22100
19400 10000
4100 14600
10900 23500
700 9200
1600 27000
18300 14000
24700 24600
14100 29600
1900 25000
2800 23900
11700 15500
15200 2200
21600 21700
12800 16800
21700 14000
26200 27800
18400 26000
9500 24500
22300 26700
23300 9700
3500 6200
8700 19200
15100 20800
27900 7300
18500 15800
14800 29900
22800 17100
21100 13800
28000 21200
0 9600
10600 26300
4900 20400
13900 5800
4600 23600
28500 5100
11700 4500
5700 28400
4600 22500
28600 19000
12800 8500
1500 25800
700 13300
26800 2800
12500 2900
20900 29100
25500 600
24900 3300
18100 13500
5300 29000
17800 200
24000 22300
9100 16200
4200 10500
1100 27400
18100 7300
29600 1600
8600 29400
14100 21600
26100 24300
3900 20900
8700 5000
20700 21900
13300 1800
18600 28300
5300 19400
9600 20000
22600 10300
8600 13800
22200 3200
23100 27600
5600 19700
28300 18600
8400 6100
29500 29000
10200 9300
19300 22500
9000 16200
29100 11900
11900 9800
10700 12800
27900 10400
200 28900
29100 27500
7600 7900
1300 8200
19300 28700
11800 17700
11600 9100
13800 11100
5200 22100
23500 19600
27500 15400
4600 19000
4700 21000
26600 26900
2500 2600
29500 16800
10600 27400
29400 25800
7100 19100
26700 7400
22900 15000
22300 14700
19200 400
16100 2500
20400 8100
11700 19700
7600 5000
7100 1500
22400 9900
22200 14300
23600 13000
5300 12500
25600 5500
16800 28200
25500 26500
6800 16400
22700 28600
6400 4200
27500 10700
18300 20200
21900 17100
4800 22000
25700 12300
9300 29200
18100 29400
17700 24300
16400 2700
13300 2700
23000 12800
0 19300
13400 1300
16800 11300
5100 17800
22900 12900
24800 16200
10600 2300
25800 27100
19100 500
13400 9100
11200 27400
8200 14900
2500 21500
8500 24400
22300 22300
21400 9200
12700 26800
22200 15500
9100 19600
19000 29200
24100 200
8100 8400
8400 6300
12000 9300
2600 8300
7500 12800
13300 11600
3200 15000
24200 20500
11000 1600
19900 28800
9600 26800
16000 6000
8400 28000
24900 17800
9100 13400
5600 25500
19600 7300
8300 18200
18500 8000
1400 23200
20300 8500
24200 14200
19000 11400
21700 20600
26000 11200
28100 6700
22600 21900
25600 15500
22800 22300
3400 200
22300 24400
25900 18100
4200 9400
21000 19300
26600 4500
16700 19900
2000 21000
20800 4500
19200 12000
25300 5400
3900 24500
24100 6300
5800 27000
13100 1000
25400 29100
3500 4500
800 3100
21000 26000
17100 25700
18800 17100
27800 9500
12800 23500
28800 3600
17500 15200
600 900
7100 15000
23400 27600
3500 13200
11500 20100
400 3700
23800 1800
11000 6100
4800 23500
12400 4000
28200 26000
17900 24400
10500 16700
19400 8600
12800 25300
13100 27100
27700 1700
18300 3200
8700 3900
24300 14700
16100 11600
1900 14000
12700 27900
15600 10900
20300 23600
12600 18900
6500 21700
21000 900
14700 14100
400 17800
2700 13900
6100 14700
5900 11500
16700 8800
28000 10000
28200 8300
6500 5400
21300 29000
3800 25100
16200 18200
18300 4100
12700 2700
4200 7000
10800 29400
20100 29700
2700 17600
700 18500
7900 15200
25500 20400
27000 9200
9000 9400
6200 29300
6600 2800
15800 4500
14300 25200
22200 13800
18600 27500
7200 2600
28600 15400
22700 5000
11800 22600
15400 19200
16600 23900
6700 19700
21800 9200
14200 4300
6900 26500
29600 10400
28400 8100
12900 7200
16500 6300
13700 26100
18300 2500
1600 29800
2400 16900
13400 15700
11500 27600
600 10200
1300 25700
19900 11000
3000 9000
21600 18900
3200 4500
12000 800
23100 9400
3400 14200
28200 5300
26000 20600
7500 26800
27200 4600
21400 6000
4100 15100
25000 24100
27400 21800
29200 26700
20400 14700
18200 4300
27500 27700
13300 6300
28700 10600
21200 5500
1000 900
5200 13700
23700 2900
2800 9200
22800 5200
26200 3300
4300 5300
5300 9100
24300 22000
23800 13000
22300 21700
13800 22200
18700 1700
7800 600
6300 25700
27400 17900
18500 18700
7200 29900
200 1900
19200 23200
29500 13000
6500 19800
25800 8700
26300 21500
9300 9600
5400 12800
4300 500
26200 11100
19600 10900
5400 3800
1700 23500
11400 21300
6500 9100
900 8300
8600 12600
22500 6900
4300 8200
16500 3600
18100 16800
17400 3300
16700 1900
25500 17400
21600 21400
18900 3200
24200 200
3000 9200
2600 17500
27000 27500
12900 5800
25600 4100
2700 22300
15100 18600
18700 28500
14000 24800
13300 5500
18100 27300
15300 19000
9700 26600
24900 24500
200 27200
27200 20700
12400 7400
17200 500
27800 26200
6900 600
13000 16200
5200 7100
5900 14300
6700 22700
13700 12400
12400 27400
14600 20500
11500 11300
17000 5900
24100 11100
18600 19100
18900 1600
1100 7700
11300 9900
24100 6100
26600 28500
12300 15700
9700 4100
10100 28800
6200 16700
28400 17400
17600 2600
11200 24400
5900 11300
8400 16000
10200 8500
17100 16000
2700 27800
9100 24800
800 24900
15000 7700
3000 27900
7400 19700
15400 13600
9800 22900
8900 7700
12700 14200
9200 22300
6100 26700
23900 11400
26200 13200
13100 9000
12900 1700
7600 15000
17700 21900
17000 25500
9300 20800
16000 10700
15600 10100
7000 8400
25300 29200
24000 10300
2500 19600
27200 19400
6600 24700
29300 25100
6400 26200
20700 8600
800 1600
16300 21500
25200 20500
4200 9600
20100 15400
29000 27800
2000 24600
24600 18400
6400 12700
20700 18000
21000 10300
18900 19900
13100 20700
15600 11600
1100 23500
26800 21700
15500 25600
6300 6500
26000 12200
20100 3000
15900 20500
18300 13500
3800 10400
20900 23400
15300 10500
21500 4100
25000 1600
1500 6600
17900 11400
23600 28100
19000 5000
2600 1000
22700 28900
5000 14500
17800 5900
7500 20300
3100 6200
28700 4600
21400 12200
12000 16400
25700 21000
8600 100
27400 27900
15300 15500
25600 5000
10800 1500
25300 16500
9400 300
15600 4300
17100 23000
28400 15200
19100 24500
27300 23800
26600 12800
18900 20500
26200 26400
23600 15800
4500 14800
6100 18700
2000 5400
8400 700
10200 5400
26000 11300
800 2200
9400 25000
21700 24100
14000 6900
12100 5400
11700 29200
15900 3600
21400 16500
3600 2000
26200 9400
17600 6700
3900 8900
20300 11100
9200 11900
900 20900
16400 19300
3100 14500
12000 4700
25000 6500
29400 10100
15800 19900
3000 18700
24400 18300
15700 6100
19300 23800
8200 0
23100 5300
24100 14100
3900 9700
10000 15100
13700 19200
11600 13500
10300 19000
22000 8900
18100 9500
25200 10500
1400 14000
20100 22900
28400 4400
13100 4600
24200 14800
9300 6600
29100 7500
26200 17400
13100 20200
12300 23600
3800 26000
19600 14800
1300 16600
8400 12700
13400 600
8800 20500
21200 15300
19000 19400
14300 17500
11100 21600
1000 15900
10700 29900
17800 17200
24600 5300
24800 10400
3000 12100
12400 8800
26000 27100
22100 8900
12400 10700
15200 9000
200 4800
17700 11400
22500 11600
26100 22100
21700 3000
10600 18300
17600 18300
17300 15300
21300 7300
19400 9300
16500 13000
16300 11600
3300 17700
20200 25500
5800 22000
18900 10000
12400 11500
6800 14700
100 12100
7000 8500
9000 24500
23700 18400
24300 21800
23300 6500
11200 5200
25500 9500
14400 8300
1100 5700
19000 2600
4100 23600
6400 3500
0 29100
26800 14200
24100 10000
27500 19500
16200 400
22800 20000
400 24600
21400 2000
10000 28800
15800 12300
25800 5900
25100 2000
22400 10200
19200 5800
10100 18000
400 18200
14500 8300
27700 23600
28200 14000
17100 26000
28500 15300
6900 7300
2700 9200
12300 21000
23600 18700
26700 19700
25300 25700
5300 13800
200 16000
9300 10400
8700 18200
16400 15900
7600 18900
17900 1000
4000 1300
16500 3900
700 8400
2900 24400
7500 3500
23100 17700
25900 16000
23200 17300
16700 3500
7300 1400
15100 17200
23800 6000
27200 14400
26500 25200
7100 16700
200 2500
28900 7200
800 20200
29000 17100
1000 28800
26900 29800
18300 1800
21100 11300
4400 17100
16900 6100
5300 12100
3400 11600
6300 800
12200 14700
26000 12900
800 3600
1300 14900
13400 2700
13200 6600
29400 9300
9500 9400
20700 19700
12200 1500
2600 0
9300 10300
27100 28300
18600 18800
4000 25400
20900 29600
7200 23500
10100 22700
600 2100
17600 24200
9300 500
16800 5300
24400 26000
2800 18400
26700 9900
24200 9600
10800 29200
28200 18800
500 500
28500 8300
5100 5100
11300 14600
21900 26800
0 11100
10600 10200
1700 13400
26200 19700
19000 11800
12100 1200
18400 4700
9000 3300
16900 7900
10600 5400
2000 18000
18600 14300
7600 26300
18200 8200
19400 21900
27900 21100
9300 13200
12200 24200
21600 5000
8500 22600
8700 2500
27500 14000
10800 6800
16800 3300
24900 15900
19100 900
11800 2600
1100 16900
20800 21100
10900 6000
12900 5900
19600 13800
14000 25400
1200 14600
20600 23000
25300 19800
4300 29100
26800 18900
27100 13700
27600 27300
28100 19300
23900 29000
26100 17700
10400 5600
17300 7500
6100 25300
6600 15400
26500 29100
5400 29000
5600 13700
3800 13400
11500 19600
9900 13100
10300 14600
6600 23500
8800 7100
9600 1500
27000 14900
1200 27800
24000 17800
16400 25200
16500 5600
17200 2000
13100 5300
13700 2700
12400 17600
2100 900
21100 16500
18500 6600
26900 10000
9200 8900
17000 17300
4800 7300
9300 3300
29600 4100
20900 8900
27500 11000
23700 15800
2300 23300
29800 18400
13400 18200
1000 28700
11100 29300
2900 14300
21800 24700
23700 12300
16600 16500
25100 12200
20000 5700
27100 29200
10800 13500
22100 12800
7200 17600
24900 1500
6800 13300
1000 2800
10100 23000
12900 25300
29100 29700
10500 4700
17100 18200
16300 14300
4700 23000
8600 9100
6000 23400
23700 23100
11700 24600
14500 11500
10100 15400
29800 11800
24300 8700
9900 3300
23100 16700
10200 14400
25400 26800
7400 200
11800 13200
22700 300
19200 28300
24100 5000
22300 14900
7300 21300
7400 21500
19300 3500
3900 20800
25900 25600
20700 8100
11200 24000
15000 29800
14700 12500
25100 15900
6500 5900
4900 15700
5400 20400
18800 27800
16200 17300
12300 15200
4500 19600
7600 11300
27200 29000
10700 17500
9200 24100
22800 18900
4600 21900
13500 11000
600 5500
26600 1900
1000 1400
14200 2700
25900 19300
14000 10900
25900 22700
15600 5700
4200 10600
10400 10600
19100 29500
26600 26800
15200 1300
25700 20000
27500 21600
13900 9200
6100 27000
13300 8300
27500 5200
11400 13100
800 23000
6300 24800
5100 8700
3300 8100
700 15300
17300 1500
10000 18600
24000 11500
2900 23800
1600 7900
17600 10800
6500 26900
11400 15100
9800 5200
16800 19400
25100 14300
26600 8300
13100 5400
8000 9500
23300 12900
22600 16900
10800 11500
27400 25800
17100 8400
28100 22100
1200 13500
12300 16500
6000 8400
27600 4400
12100 21000
300 12500
19700 27300
10700 16200
28300 2600
7700 28100
28100 4400
4800 19700
13500 1900
10000 23800
21000 6000
7100 21700
28900 25300
25500 27300
1800 19900
14800 22400
13900 11800
12200 25700
8700 10000
25800 18000
25500 29800
29700 28000
16500 20800
1500 7000
12000 25600
21100 16700
17200 700
13700 1100
8100 2400
26100 9300
700 7400
25800 9300
15500 29700
10600 28600
20100 4400
13600 12200
1500 27400
16100 18100
1800 11000
20500 17800
16100 17000
16600 400
15800 18100
29500 12900
7000 23700
13100 400
21300 8100
8900 19300
24700 26200
20900 16700
19400 15300
14400 4700
20700 1300
20800 24400
20800 29900
6300 6600
22400 2400
1700 7900
5100 21800
11100 6500
19400 6300
4700 6300
9500 21900
8300 4800
8200 11300
17300 27000
16200 12600
26800 6600
6700 28300
1000 800
20200 15700
23300 6300
5200 200
5300 10900
2900 23700
13900 17800
7900 19900
17300 28200
22700 19000
13400 10000
12300 7900
13300 24000
8700 10900
1000 8100
1900 3700
300 20200
16900 23300
28700 10400
26100 27200
29700 6200
1600 25600
14100 19200
11500 15500
12300 20000
18900 18400
29900 15400
14400 21600
3400 27600
29800 2500
18300 10300
20300 8200
800 8600
4400 16700
7800 23200
17300 6500
17700 25800
4200 18700
1700 16200
5500 27800
10600 11100
4600 10300
6000 27800
13800 7200
5700 26900
17100 10500
7200 25000
14000 19100
5600 3400
13700 29400
9700 29900
14100 11500
9600 9800
900 2300
8400 5700
18400 17900
11000 12500
15400 21000
4300 24800
16000 26800
2000 13800
13400 19300
800 6200
23900 10600
8800 400
23000 9500
8100 16700
200 29500
28800 9700
13300 6100
9000 5800
27000 27300
1600 23500
17700 27800
4900 15100
17600 1400
27000 7700
17500 26100
4800 25700
11000 5000
26500 28000
27900 25700
13000 25100
19300 6700
8900 11500
16200 16100
27400 16600
8000 18100
22900 13700
16200 13300
11100 24000
18400 26400
21100 2300
9200 20400
22000 19700
23000 22900
2300 700
26400 1600
23200 8000
12800 13700
28200 10300
10800 5700
28300 19400
24700 22700
15500 9100
400 15000
19800 26000
20600 26900
12500 1000
29300 12900
14400 18900
6700 22400
24700 8500
25000 28800
3300 10100
11200 28800
17600 5000
26900 14600
20100 7700
27000 24600
800 4400
11500 16500
3000 14100
24800 5000
13700 27200
14500 5000
21800 15400
20400 11000
17900 10600
1200 400
10300 2400
17800 24600
9700 3300
21300 6200
14100 11100
27600 11200
5400 22900
18000 18900
14700 25100
10400 29800
19300 16000
4500 13700
11700 15700
10700 6000
10000 1200
200 14500
1900 6900
28200 14500
3700 900
14500 13400
12000 8000
9900 11900
27100 11300
28800 22600
2300 13800
400 20600
11800 20500
5600 7400
20900 21900
24700 18700
19400 27900
16000 2200
17600 27800
15800 24600
16300 12700
26300 900
16500 15000
21200 26100
16000 20700
8600 27100
21000 25300
600 5200
21000 12100
7800 24100
17700 23400
15400 3300
14900 2500
16300 2500
1100 17400
27500 19900
21900 5300
8300 19600
12900 2400
1900 5300
27500 17100
5400 10100
29700 25400
29900 25400
23100 800
25500 24100
22900 3900
25000 20000
28900 12800
28600 14300
19500 22000
4500 3800
2900 28600
28700 18300
21500 16900
27900 26700
12500 17400
14100 18800
7600 4000
3400 22300
16700 23400
3200 23100
1800 2100
24400 2200
10200 16800
5300 700
12500 9800
17500 10200
14500 11600
21700 6500
6000 24200
24200 3100
27400 18800
2200 16300
9000 200
12900 3100
4000 20000
9200 1800
1200 4600
9500 17300
22400 7600
28400 10600
29600 5000
15900 5900
17900 9900
27700 15900
22700 5200
2200 11800
3800 16300
15300 15900
400 8500
11400 3400
400 1400
6700 8800
12200 12500
27400 20800
24000 23600
8400 13600
6500 7400
300 20500
13500 13900
11300 4800
4900 12100
13200 27000
2900 8900
23400 24300
5300 22200
6200 8000
16900 18600
26200 23800
23700 15700
20400 27900
9200 23300
7200 25200
9900 29600
22800 17300
6600 1300
6300 20900
14100 8600
700 4500
18800 14200
1800 3300
25300 4700
13700 13300
20200 13400
2000 13900
10800 18000
10200 5100
8100 8200
8800 16700
15100 25300
22500 11300
7800 25700
3400 7000
2400 10700
4900 3000
16900 16800
28000 10200
25300 24100
28600 5000
19000 27800
1700 25700
13900 20400
23600 8200
25500 29200
11300 26900
24100 7700
28400 2300
12800 9300
28600 4200
3800 4800
18400 6900
26900 15800
3200 2900
13700 8400
200 21000
22300 100
1000 14100
24000 27900
10600 26200
12300 7700
26200 100
29200 16000
25100 11800
15200 14800
16000 9500
8600 8000
22100 8200
10100 18100
5500 12000
12400 6400
8600 7700
23200 9500
28500 24600
17200 11100
21100 5400
14700 27600
17900 18400
29600 1800
9100 8100
28200 21500
15900 24600
18400 25700
5200 18600
11100 25100
26800 2400
12700 23200
15900 5100
18400 900
3200 25300
25800 7700
16400 20200
9200 25100
16500 5000
11800 13000
8000 17500
26700 24000
1500 15000
10500 29400
6500 9500
24400 17600
5900 24400
23800 10600
14800 14000
13700 6200
1100 22600
24400 16100
13300 9400
17100 15000
19800 15000
17800 13800
20500 16900
16100 9400
1600 25300
4500 14600
14300 24300
25700 23900
1600 11700
18300 7700
11200 10000
2200 29100
28800 11300
21000 8300
18200 18200
21000 16900
10000 25300
28700 9200
1700 600
11500 2800
25500 1800
2300 12900
1600 12000
2800 10300
12100 11600
18200 7200
15500 23100
8900 4100
10100 15100
3500 21800
16700 14500
4600 4600
5100 8900
21600 1200
10700 20600
20000 28700
11300 1700
1100 4800
9400 8200
8200 29200
20300 17800
22800 15400
19300 27000
4800 100
19100 18700
20800 21000
28100 16700
29800 23000
11100 1100
3600 27800
7200 12400
17100 15100
12500 19100
28800 25400
15000 17700
26200 22200
29100 15600
22100 29700
14500 10600
9600 1600
7500 26000
19900 14300
4800 8200
1500 600
23900 7400
25400 16600
5900 10600
2900 28700
5800 24400
15300 12200
14000 16900
1800 8400
18500 26500
15000 5500
23900 13900
4900 23400
6700 14900
23000 6400
28300 25500
6300 3200
22900 12200
9100 16800
6700 2300
10100 24700
23800 16200
10000 8500
18500 8900
15400 18300
26600 23300
22300 25700
18900 900
5000 12500
17500 2600
4300 27700
28700 800
15500 9300
17100 8300
25300 17000
11200 24800
16000 29100
23100 27500
5100 18700
1600 7000
21300 6300
22700 25700
10400 200
23100 2200
28300 6700
29400 29100
6900 17100
23800 15900
25000 4100
1000 22500
10200 15900
22200 11300
15300 14300
24900 12500
23700 28600
5000 20400
26300 6800
24200 19900
11300 5100
21100 29600
12500 28200
6900 16800
20300 19800
14600 12000
7000 14800
19000 22900
2000 8000
19000 28500
17300 19900
1400 19800
5700 21600
2900 16200
13700 600
11100 20900
4600 600
1500 21600
25200 28300
10800 13400
8300 11700
7500 9600
12700 27300
28600 8200
900 25900
25900 28100
21100 21800
10800 20900
2100 9300
20700 23700
11100 12500
24800 12200
3500 13400
27400 2900
28700 7800
12300 8000
16800 3200
3900 2700
6200 600
0 15900
4000 27200
12100 15300
7600 14200
8500 5500
24400 24000
23900 18500
14800 21200
7100 7300
6000 12400
4800 12400
13500 27100
18600 21300
2600 2800
6400 22500
28600 29400
17800 16600
7600 6200
29700 22000
16700 4900
2300 10200
22200 8100
3000 18100
11700 8100
20900 1700
22100 15000
2200 5600
8700 18600
12400 18700
9600 9200
25700 12100
10000 26800
4500 24700
15100 8100
28100 20700
8900 12800
24600 8400
17000 12900
2700 10200
18500 7800
16200 13100
200 26400
15100 7900
15600 23100
11400 6200
3200 20400
14700 26000
20800 20600
25300 24000
27200 26600
1900 4600
2400 1900
15400 25100
27000 4400
19300 10500
21300 4800
4400 3300
6300 15100
14900 18600
0 16000
26900 25700
9600 4100
15300 1800
25700 19400
12600 12400
3500 21600
18500 25100
17500 16900
5300 17600
25900 7800
18400 8800
6000 22500
11300 16500
9100 29200
5500 8600
5800 19400
15900 3400
26200 10500
25900 25300
5800 13400
26300 22700
16300 21800
15000 1000
29200 13700
22700 17500
4300 29700
12300 25600
8100 1200
8200 24500
13800 8800
13700 2100
19900 13700
13400 28800
24400 12800
8300 10300
25600 25900
22200 400
11700 27200
15100 4900
18300 1600
4400 400
29600 14500
8900 26100
22900 29100
24700 7600
22400 8800
2400 22500
4900 2000
6200 25000
3500 16200
3700 24000
9100 10100
25500 19400
16100 14500
19700 20000
4800 23600
12000 29600
22100 13700
13100 29100
2000 28500
900 600
7700 7900
25900 26000
23400 6300
3100 800
3400 27000
15200 9200
7500 13600
7800 19800
27700 27000
11400 18700
22200 5800
13900 27400
15200 26200
8100 21500
29800 8300
15900 24800
13000 10600
26100 27100
3700 1600
3300 25900
7500 8000
21900 28300
3900 7800
12200 12100
9900 1100
4400 20800
27700 28200
5700 1100
2400 27000
1400 11300
11600 12600
8300 8900
16800 13500
29200 16200
29100 2100
28400 18900
9700 200
600 3400
6800 10000
23700 7000
13000 12600
24700 8600
27400 8300
22100 21800
6500 18600
26900 10500
26900 21000
27100 16000
8000 28600
400 3800
21500 2600
9000 17200
600 9800
25000 13000
18500 8600
21200 4300
14600 25100
8800 4500
6600 19200
18200 7700
25800 16200
14700 1400
11800 3600
26000 17600
22500 2600
27600 14500
28400 17300
28900 17600
6900 8700
4800 17400
2000 14900
17300 5100
12400 4800
900 22300
8800 8600
12900 18100
15200 10800
18800 17200
5100 27100
5600 28200
28100 27700
24600 21800
9500 20500
12200 3100
22500 27500
10700 26900
15000 11700
0 13800
9400 14800
100 28500
3400 26100
12300 25000
13900 28000
4600 15200
25300 13800
21100 10900
23300 9900
17400 1400
9900 24000
25400 13300
13800 13100
23700 20600
9400 28500
14700 24200
9300 26400
13900 20700
24600 13500
3000 5700
12300 11600
7100 18500
20900 6900
11000 28600
4700 19600
12500 19400
16900 1600
10500 27200
11300 500
14400 23900
27300 6400
1800 29100
22500 28100
8200 2300
5400 2400
17600 10700
25400 4200
800 12000
12000 29800
23400 7400
4700 29700
25100 17400
18600 19200
18000 22200
26100 9700
24300 22600
29700 13800
15800 27400
27300 21700
20200 23000
26100 2000
7400 8100
1200 26200
4900 26300
19100 26400
5100 28300
28700 27000
8300 23200
12800 6600
1800 5800
25600 5600
5600 4500
23600 19500
22000 22300
1100 14800
28600 28000
16900 20000
22900 6100
23200 22800
29400 14600
29000 12900
19700 26000
21700 15700
13300 25800
22800 24000
1300 5900
26900 25300
14100 21200
9800 29500
5300 20500
15100 12700
23400 1900
7100 27000
17200 12300
26600 15000
17500 14000
300 1700
23400 28300
1100 27600
16000 26900
12100 21600
4500 9000
17700 28000
15900 29000
27700 2700
26900 16800
17700 22600
20700 25800
2500 6600
