100
25900 14000
12200 3900
26800 20600
28600 3400
3400 10700
500 3400
26400 23900
20400 9000
3200 24200
18000 12900
27000 29300
20800 27300
4600 27000
24600 2500
12300 6700
10400 12800
12100 12800
6500 1000
9200 6100
26100 23500
28600 3800
14900 8300
800 13400
22700 14000
22800 3100
27800 29100
300 12800
11000 12600
2600 13500
16800 18300
1500 1000
13000 1400
25600 7200
15800 9000
4200 1600
26000 19300
29200 26500
29400 9900
19500 18300
24400 12400
21000 22700
13600 8100
12100 26600
28400 21900
20200 27000
800 1400
5200 10900
16300 3400
8600 6400
13500 17100
20800 10900
22100 200
14300 3800
25800 12500
7500 29700
20700 16800
15100 23300
7900 24300
20700 25000
24900 24400
8500 24200
23700 9300
17100 4000
25300 29900
23400 21300
22500 7000
18900 1000
21500 7300
9200 2500
5700 7800
2200 29300
0 18300
11400 4900
22300 4000
10300 3000
19300 27700
24800 4400
1200 21700
17600 19400
23500 17700
4900 29400
23500 28200
23300 1200
26600 17700
3400 19600
14400 8900
25000 9500
22700 17700
18700 20300
28300 6900
27200 400
28000 29400
8600 14600
15300 500
1500 22900
11300 19900
24100 28300
4700 19200
9500 25100
18200 11200
