400
24200 10900
200 1800
29900 1700
4100 20000
24800 25900
11800 22500
19200 6500
16300 8300
25800 15900
12800 12200
300 3500
5500 5100
1100 6700
8000 11300
2800 15900
18000 2900
22400 24600
2000 4600
5700 21100
8300 15500
3200 19300
1200 26600
15200 7900
6500 22300
4500 9500
23800 22900
15800 14500
19400 1400
24700 4400
12100 6900
25100 25400
13900 900
8900 6500
7200 7300
19400 21500
1300 5400
23300 17800
2600 23000
1500 1700
13400 12700
5400 1400
16100 19300
3300 25600
6400 20200
14100 1800
12000 5900
16700 29500
2100 1900
3900 18100
10600 21500
14900 27400
21100 20100
12200 7300
29500 21100
25400 10200
15900 29600
24500 18100
8300 8300
13600 2300
27300 16000
1900 800
12000 29500
22500 25700
27900 26000
10000 6400
9000 12800
15000 5800
5400 29900
900 20000
3900 22700
1900 28600
18700 16200
600 11500
10600 20100
18800 6300
18000 3100
6300 18000
7300 22100
28800 27200
14100 19900
26500 27600
6100 20900
22100 9400
8200 28000
12000 25700
9000 7600
14500 27300
25200 10000
14900 5800
100 1600
8800 10700
7700 24400
25400 8800
1100 6100
25700 18500
13500 21700
27800 9400
14200 12400
6300 300
20300 23800
12000 22500
24000 24800
1400 11600
24300 27400
7300 11600
21200 28400
28900 11500
6200 23800
5300 19700
2700 10300
25800 27000
23600 12100
11200 4600
29600 2200
13600 3100
23600 10600
8500 23600
9300 22900
13800 27000
3900 6200
24000 14200
14000 18100
25400 700
26900 11800
26200 17800
23500 28300
12200 19300
4900 27200
14400 13500
8100 23500
300 29700
25000 4600
14000 10100
10200 18200
22100 4700
1000 26500
8400 5600
24700 6800
28800 400
15000 20000
18200 9700
17300 20500
21900 26200
26900 19000
2500 17400
24000 3200
13600 18100
1600 1400
2600 24200
13000 29000
2000 24700
2500 23000
15800 25800
22700 1900
29000 24900
4300 28700
21300 10800
19600 3700
15300 23900
2500 600
29800 16700
25800 2700
9200 28300
3200 4100
18600 22100
19700 29500
17900 23500
15100 12600
6700 27100
6300 1100
17200 2600
10200 19500
23000 8400
21200 12000
26800 23800
20900 1200
5100 3800
23300 900
1800 6400
9100 11200
9100 24700
14700 4400
8000 22600
15000 8400
26100 2000
1900 21700
16300 15900
12300 9700
25900 3700
24900 14400
18100 17000
11600 9300
12300 25900
23800 9500
16200 300
8400 8200
27700 21500
8800 3300
7400 4000
25100 1700
15300 16900
1900 5500
17400 21700
7200 1300
3100 9800
2300 12600
10400 24800
19500 10900
0 8500
3400 25500
15300 10500
24100 10800
1900 7500
27600 20900
24200 11800
29700 28000
1100 1000
5100 21500
9000 4700
19900 8600
3300 11700
29000 2300
23600 26700
600 26700
6400 18900
16400 29900
6200 22000
15100 1000
7500 13300
26000 16200
2600 17500
19700 15500
4300 23100
12000 10300
9400 25300
12400 29600
5100 3200
9500 18500
4100 19900
21700 23200
17600 13500
21600 9700
2600 19000
18900 14700
25500 2600
20600 28300
6600 9500
20700 200
1600 28300
6000 4100
29000 22000
0 20100
23500 6400
23700 25300
15500 8800
27900 29100
20900 26300
5400 21500
26800 14300
400 13500
26900 200
12000 10400
20800 10600
22600 2200
3600 11100
1300 18700
3500 21500
19100 27000
27000 6400
22000 12800
11100 1800
28400 29600
17300 22800
28700 25500
29300 23300
2000 10700
6300 14800
16100 17700
14700 24500
300 16300
19400 16700
10600 9100
400 24600
19300 1400
22000 5000
28800 10400
16500 25800
1400 26100
9300 22000
12500 20300
22800 19400
24000 29000
24200 3400
2500 4600
4000 29100
27800 28800
6100 10300
24700 27900
1000 15300
15300 7000
18600 14400
14900 22300
22000 13100
3900 18300
6900 15700
5000 500
18900 9300
3800 11000
7800 15000
10900 19100
10100 800
7400 4100
19000 25000
12000 18100
17600 23700
9200 6900
10600 9900
16300 17500
11600 29000
13500 19300
4500 10800
22000 9100
4900 23800
22300 5200
3100 11700
15100 10400
19400 24900
7200 13100
8600 1300
14900 28000
9400 18500
2600 23600
10400 26300
1900 13400
26200 29300
20800 24500
5600 13600
12100 21600
26300 7800
5400 18600
24900 29400
10900 12900
24600 16100
23600 1000
25900 5600
5900 20700
29700 28500
28200 13000
22600 20400
6400 14200
13300 7400
24400 25100
28800 7500
1700 5500
11500 23200
19300 1200
20700 3900
19000 15000
10100 16400
18100 19700
22200 7100
16100 25200
10400 18200
2100 7300
19100 25700
21700 16900
20900 10100
27500 12000
21100 11100
29800 9800
1000 23600
7600 17700
9900 8200
19400 3500
9600 22200
3600 13700
10700 14600
22600 2600
400 17500
19800 14500
22200 9100
22400 27400
3100 24400
22300 26300
3900 26900
27300 2800
14800 3100
10100 2600
28000 5600
14500 21600
19800 29600
28500 28100
6200 6000
18800 9300
3200 19600
29800 26300
7300 24600
14500 5200
25000 14100
2600 12500
